Precision: 0.7107438016528925
Recall: 0.2815979043876883
Fbeta: 0.40337711069418386